  -1.6000000e-04   3.2500000e-03   2.8600000e-01
  -1.6025175e-04   3.2500788e-03   2.8499969e-01
  -1.6100205e-04   3.2503131e-03   2.8399941e-01
  -1.6224348e-04   3.2507002e-03   2.8299915e-01
  -1.6396861e-04   3.2512371e-03   2.8199890e-01
  -1.6617001e-04   3.2519210e-03   2.8099868e-01
  -1.6884026e-04   3.2527489e-03   2.7999848e-01
  -1.7197194e-04   3.2537179e-03   2.7899829e-01
  -1.7555761e-04   3.2548252e-03   2.7799813e-01
  -1.7958986e-04   3.2560678e-03   2.7699798e-01
  -1.8406125e-04   3.2574429e-03   2.7599785e-01
  -1.8896436e-04   3.2589476e-03   2.7499774e-01
  -1.9429177e-04   3.2605789e-03   2.7399765e-01
  -2.0003605e-04   3.2623341e-03   2.7299758e-01
  -2.0618978e-04   3.2642101e-03   2.7199752e-01
  -2.1274553e-04   3.2662042e-03   2.7099748e-01
  -2.1969586e-04   3.2683134e-03   2.6999746e-01
  -2.2703337e-04   3.2705348e-03   2.6899745e-01
  -2.3475062e-04   3.2728655e-03   2.6799746e-01
  -2.4284019e-04   3.2753026e-03   2.6699749e-01
  -2.5129465e-04   3.2778433e-03   2.6599753e-01
  -2.6010658e-04   3.2804847e-03   2.6499759e-01
  -2.6926855e-04   3.2832238e-03   2.6399766e-01
  -2.7877313e-04   3.2860577e-03   2.6299775e-01
  -2.8861290e-04   3.2889837e-03   2.6199785e-01
  -2.9878044e-04   3.2919987e-03   2.6099797e-01
  -3.0926832e-04   3.2950999e-03   2.5999810e-01
  -3.2006911e-04   3.2982844e-03   2.5899824e-01
  -3.3117538e-04   3.3015493e-03   2.5799840e-01
  -3.4257972e-04   3.3048917e-03   2.5699857e-01
  -3.5427470e-04   3.3083088e-03   2.5599875e-01
  -3.6625289e-04   3.3117975e-03   2.5499895e-01
  -3.7850686e-04   3.3153551e-03   2.5399915e-01
  -3.9102920e-04   3.3189787e-03   2.5299937e-01
  -4.0381247e-04   3.3226653e-03   2.5199961e-01
  -4.1684925e-04   3.3264120e-03   2.5099985e-01
  -4.3013211e-04   3.3302160e-03   2.5000010e-01
  -4.4365363e-04   3.3340744e-03   2.4900037e-01
  -4.5740638e-04   3.3379842e-03   2.4800064e-01
  -4.7138294e-04   3.3419427e-03   2.4700093e-01
  -4.8557589e-04   3.3459468e-03   2.4600123e-01
  -4.9997778e-04   3.3499938e-03   2.4500153e-01
  -5.1757793e-04   3.3551391e-03   2.4400188e-01
  -5.4077159e-04   3.3621797e-03   2.4300231e-01
  -5.6863137e-04   3.3707145e-03   2.4200281e-01
  -6.0022984e-04   3.3803425e-03   2.4100335e-01
  -6.3463956e-04   3.3906625e-03   2.4000392e-01
  -6.7093312e-04   3.4012733e-03   2.3900452e-01
  -7.0818308e-04   3.4117739e-03   2.3800512e-01
  -7.4546202e-04   3.4217631e-03   2.3700571e-01
  -7.8184252e-04   3.4308399e-03   2.3600628e-01
  -8.1639715e-04   3.4386030e-03   2.3500682e-01
  -8.4819848e-04   3.4446515e-03   2.3400730e-01
  -8.7631909e-04   3.4485842e-03   2.3300772e-01
  -8.9983155e-04   3.4499999e-03   2.3200807e-01
  -9.2003455e-04   3.4500000e-03   2.3100833e-01
  -9.3888421e-04   3.4500000e-03   2.3000854e-01
  -9.5633769e-04   3.4500000e-03   2.2900869e-01
  -9.7235200e-04   3.4500000e-03   2.2800880e-01
  -9.8688416e-04   3.4500000e-03   2.2700886e-01
  -9.9989119e-04   3.4500000e-03   2.2600890e-01
