-0.00010 0.00080 0.23200
-0.00015 0.00094 0.23191
-0.00030 0.00129 0.23185
-0.00051 0.00174 0.23180
-0.00075 0.00218 0.23176
-0.00100 0.00250 0.23170
-0.00117 0.00263 0.23167
-0.00138 0.00275 0.23163
-0.00161 0.00285 0.23160
-0.00182 0.00294 0.23155
-0.00200 0.00300 0.23150
-0.00230 0.00309 0.23128
-0.00258 0.00318 0.23091
-0.00283 0.00324 0.23045
-0.00303 0.00328 0.22996
-0.00315 0.00330 0.22950
-0.00392 0.00320 0.22470
-0.00448 0.00294 0.21964
-0.00485 0.00260 0.21443
-0.00510 0.00227 0.20918
-0.00525 0.00200 0.20400
-0.00548 0.00157 0.19202
-0.00562 0.00120 0.18002
-0.00572 0.00086 0.16801
-0.00584 0.00052 0.15600
-0.00600 0.00015 0.14400
-0.00622 -0.00023 0.13199
-0.00649 -0.00060 0.11998
-0.00681 -0.00099 0.10798
-0.00721 -0.00144 0.09598
-0.00770 -0.00200 0.08400
-0.00778 -0.00210 0.08229
-0.00788 -0.00222 0.08057
-0.00799 -0.00235 0.07886
-0.00813 -0.00248 0.07717
-0.00830 -0.00260 0.07550
-0.00886 -0.00277 0.07236
-0.00981 -0.00290 0.06911
-0.01104 -0.00304 0.06599
-0.01247 -0.00323 0.06320
-0.01400 -0.00350 0.06100
-0.01555 -0.00407 0.05943
-0.01743 -0.00511 0.05799
-0.01958 -0.00653 0.05674
-0.02195 -0.00820 0.05573
-0.02450 -0.01000 0.05500
