-0.00008 0.00080 0.28600
-0.00008 0.00080 0.28400
-0.00008 0.00080 0.28200
-0.00008 0.00080 0.28000
-0.00008 0.00080 0.27800
-0.00008 0.00080 0.27600
-0.00008 0.00080 0.27400
-0.00008 0.00080 0.27200
-0.00008 0.00080 0.27000
-0.00008 0.00080 0.26800
-0.00008 0.00080 0.26600
-0.00008 0.00080 0.26400
-0.00008 0.00080 0.26200
-0.00008 0.00080 0.26000
-0.00009 0.00080 0.25800
-0.00009 0.00080 0.25600
-0.00009 0.00080 0.25400
-0.00009 0.00080 0.25200
-0.00009 0.00080 0.25000
-0.00009 0.00080 0.24800
-0.00009 0.00080 0.24600
-0.00009 0.00080 0.24400
-0.00009 0.00080 0.24200
-0.00009 0.00080 0.24000
-0.00010 0.00080 0.23800
-0.00010 0.00080 0.23600
-0.00010 0.00080 0.23400
-0.00010 0.00080 0.23200
-0.00010 0.00080 0.23000
-0.00011 0.00080 0.22800
-0.00011 0.00080 0.22600
