-0.00016 0.00230 0.28600
-0.00016 0.00230 0.28400
-0.00016 0.00230 0.28200
-0.00017 0.00230 0.28000
-0.00018 0.00230 0.27800
-0.00018 0.00231 0.27600
-0.00019 0.00231 0.27400
-0.00021 0.00231 0.27200
-0.00022 0.00232 0.27000
-0.00023 0.00232 0.26800
-0.00025 0.00233 0.26600
-0.00027 0.00233 0.26400
-0.00029 0.00234 0.26200
-0.00031 0.00235 0.26000
-0.00033 0.00235 0.25800
-0.00035 0.00236 0.25600
-0.00038 0.00237 0.25400
-0.00040 0.00237 0.25200
-0.00043 0.00238 0.25000
-0.00046 0.00239 0.24800
-0.00049 0.00240 0.24600
-0.00052 0.00241 0.24400
-0.00057 0.00242 0.24200
-0.00063 0.00244 0.24000
-0.00071 0.00246 0.23801
-0.00078 0.00248 0.23601
-0.00085 0.00249 0.23401
-0.00090 0.00250 0.23201
-0.00094 0.00250 0.23001
-0.00097 0.00250 0.22801
-0.00100 0.00250 0.22601
