-0.00090 0.00250 0.23200
-0.00100 0.00254 0.23187
-0.00122 0.00265 0.23178
-0.00150 0.00279 0.23170
-0.00178 0.00291 0.23161
-0.00200 0.00300 0.23150
-0.00230 0.00309 0.23121
-0.00258 0.00317 0.23083
-0.00283 0.00324 0.23039
-0.00303 0.00328 0.22994
-0.00315 0.00330 0.22950
-0.00392 0.00320 0.22470
-0.00448 0.00294 0.21964
-0.00485 0.00260 0.21443
-0.00510 0.00227 0.20918
-0.00525 0.00200 0.20400
-0.00548 0.00157 0.19202
-0.00562 0.00120 0.18002
-0.00572 0.00086 0.16801
-0.00584 0.00052 0.15600
-0.00600 0.00015 0.14400
-0.00622 -0.00023 0.13199
-0.00649 -0.00060 0.11998
-0.00681 -0.00099 0.10798
-0.00721 -0.00144 0.09598
-0.00770 -0.00200 0.08400
-0.00778 -0.00210 0.08229
-0.00788 -0.00222 0.08057
-0.00799 -0.00235 0.07886
-0.00813 -0.00248 0.07717
-0.00830 -0.00260 0.07550
-0.00886 -0.00277 0.07236
-0.00981 -0.00290 0.06911
-0.01104 -0.00304 0.06599
-0.01247 -0.00323 0.06320
-0.01400 -0.00350 0.06100
-0.01555 -0.00407 0.05943
-0.01743 -0.00511 0.05799
-0.01958 -0.00653 0.05674
-0.02195 -0.00820 0.05573
-0.02450 -0.01000 0.05500
