  -1.6000000e-04   3.4500000e-03   2.8600000e-01
  -1.6000000e-04   3.4500000e-03   2.8499969e-01
  -1.6000000e-04   3.4500000e-03   2.8399941e-01
  -1.6000000e-04   3.4500000e-03   2.8299915e-01
  -1.6000000e-04   3.4500000e-03   2.8199890e-01
  -1.6000000e-04   3.4500000e-03   2.8099868e-01
  -1.6000000e-04   3.4500000e-03   2.7999848e-01
  -1.6000000e-04   3.4500000e-03   2.7899829e-01
  -1.6000000e-04   3.4500000e-03   2.7850000e-01
  -1.6000000e-04   3.4500000e-03   2.7799813e-01
  -1.6000000e-04   3.4500000e-03   2.7699798e-01
  -1.6000000e-04   3.4500000e-03   2.7599785e-01
  -1.6000000e-04   3.4500000e-03   2.7499774e-01
  -1.6000000e-04   3.4500000e-03   2.7399765e-01
  -1.6000000e-04   3.4500000e-03   2.7299758e-01
  -1.6000000e-04   3.4500000e-03   2.7199752e-01
  -1.6000000e-04   3.4500000e-03   2.7099748e-01
  -1.6000000e-04   3.4500000e-03   2.6999746e-01
  -1.6000000e-04   3.4500000e-03   2.6899745e-01
  -1.6000000e-04   3.4500000e-03   2.6799746e-01
  -1.6000000e-04   3.4500000e-03   2.6699749e-01
  -1.6000000e-04   3.4500000e-03   2.6599753e-01
  -1.6000000e-04   3.4500000e-03   2.6499759e-01
  -1.6000000e-04   3.4500000e-03   2.6399766e-01
  -1.6000000e-04   3.4500000e-03   2.6299775e-01
  -1.6000000e-04   3.4500000e-03   2.6199785e-01
  -1.6000000e-04   3.4500000e-03   2.6099797e-01
  -1.6000000e-04   3.4500000e-03   2.5999810e-01
  -1.6000000e-04   3.4500000e-03   2.5899824e-01
  -1.6000000e-04   3.4500000e-03   2.5799840e-01
  -1.6000000e-04   3.4500000e-03   2.5699857e-01
  -1.6000000e-04   3.4500000e-03   2.5599875e-01
  -1.6000000e-04   3.4500000e-03   2.5499895e-01
  -1.6000000e-04   3.4500000e-03   2.5399915e-01
  -1.6000000e-04   3.4500000e-03   2.5299937e-01
  -1.6000000e-04   3.4500000e-03   2.5199961e-01
  -1.6000000e-04   3.4500000e-03   2.5099985e-01
  -1.6000000e-04   3.4500000e-03   2.5000010e-01
  -1.6000000e-04   3.4500000e-03   2.4900037e-01
  -1.6000000e-04   3.4500000e-03   2.4800064e-01
  -1.6000000e-04   3.4500000e-03   2.4700093e-01
  -1.6000000e-04   3.4500000e-03   2.4600123e-01
  -1.6000000e-04   3.4500000e-03   2.4500153e-01
  -1.6000000e-04   3.4500000e-03   2.4400188e-01
  -1.6000000e-04   3.4500000e-03   2.4300231e-01
  -1.6000000e-04   3.4500000e-03   2.4200281e-01
  -1.6000000e-04   3.4500000e-03   2.4100335e-01
  -1.6000000e-04   3.4500000e-03   2.4000392e-01
  -1.6000000e-04   3.4500000e-03   2.3900452e-01
  -1.6000000e-04   3.4500000e-03   2.3800512e-01
  -1.6000000e-04   3.4500000e-03   2.3700571e-01
  -1.6000000e-04   3.4500000e-03   2.3600628e-01
  -1.6000000e-04   3.4500000e-03   2.3500682e-01
  -1.6000000e-04   3.4500000e-03   2.3400730e-01
  -1.6000000e-04   3.4500000e-03   2.3300772e-01
  -1.6000000e-04   3.4500000e-03   2.3200807e-01
  -1.6000000e-04   3.4500000e-03   2.3100833e-01
  -1.6000000e-04   3.4500000e-03   2.3000854e-01
  -1.6000000e-04   3.4500000e-03   2.2900869e-01
  -1.6000000e-04   3.4500000e-03   2.2800880e-01
  -1.6000000e-04   3.4500000e-03   2.2700886e-01
  -1.6000000e-04   3.4500000e-03   2.2600890e-01
