-0.00130 0.00250 0.26600
-0.00138 0.00254 0.26588
-0.00151 0.00265 0.26579
-0.00169 0.00279 0.26570
-0.00186 0.00292 0.26561
-0.00200 0.00300 0.26550
-0.00228 0.00310 0.26518
-0.00257 0.00318 0.26479
-0.00282 0.00324 0.26437
-0.00302 0.00329 0.26393
-0.00315 0.00330 0.26350
-0.00399 0.00319 0.25795
-0.00454 0.00289 0.25209
-0.00490 0.00247 0.24605
-0.00519 0.00199 0.23998
-0.00550 0.00150 0.23400
-0.00585 0.00085 0.22800
-0.00618 0.00000 0.22200
-0.00648 -0.00088 0.21601
-0.00675 -0.00161 0.21001
-0.00700 -0.00200 0.20400
-0.00722 -0.00215 0.19801
-0.00742 -0.00227 0.19202
-0.00761 -0.00237 0.18601
-0.00780 -0.00243 0.18000
-0.00800 -0.00247 0.17400
-0.00808 -0.00248 0.17115
-0.00815 -0.00248 0.16826
-0.00823 -0.00249 0.16539
-0.00834 -0.00249 0.16261
-0.00850 -0.00250 0.16000
-0.00896 -0.00256 0.15824
-0.00994 -0.00271 0.15651
-0.01124 -0.00293 0.15486
-0.01266 -0.00320 0.15333
-0.01400 -0.00350 0.15200
-0.01586 -0.00417 0.15027
-0.01784 -0.00521 0.14867
-0.01994 -0.00657 0.14722
-0.02216 -0.00818 0.14599
-0.02450 -0.01000 0.14500
